Kepler = 13.218, 0.100
Teff = 5183.3, 93.0
feh = 0.00, 0.13
logg = 4.552, 0.041
parallax = 3.019016229128462, 0.051230792